0.000010 0.999980 0.000010
0.000010 0.999980 0.000010
0.000010 0.999980 0.000010
0.000010 0.002725 0.997265
0.000010 0.000010 0.999980
0.000010 0.000010 0.999980
0.999980 0.000010 0.000010
0.000010 0.000010 0.999980
0.999980 0.000010 0.000010
0.000010 0.000010 0.999980
0.000010 0.999980 0.000010
0.000010 0.999980 0.000010
0.059256 0.000010 0.940734
0.070525 0.020780 0.908695
0.000010 0.999980 0.000010
0.000010 0.000010 0.999980
0.013235 0.000010 0.986755
0.000010 0.999980 0.000010
0.000016 0.000010 0.999974
0.045220 0.000010 0.954770
0.999980 0.000010 0.000010
0.000010 0.000010 0.999980
0.018258 0.000010 0.981732
0.000010 0.000010 0.999980
0.010316 0.000010 0.989674
0.043252 0.000010 0.956738
0.999980 0.000010 0.000010
0.000010 0.000010 0.999980
0.000010 0.021485 0.978505
0.024983 0.041299 0.933718
0.012979 0.000010 0.987011
0.000010 0.000010 0.999980
0.000010 0.000010 0.999980
0.000010 0.000010 0.999980
0.059534 0.003315 0.937151
0.022928 0.013843 0.963229
0.000010 0.000010 0.999980
0.035558 0.034083 0.930359
0.999980 0.000010 0.000010
0.000010 0.999980 0.000010
0.025587 0.038449 0.935964
0.017330 0.000010 0.982660
0.032911 0.023385 0.943704
0.999979 0.000011 0.000010
0.999980 0.000010 0.000010
0.999980 0.000010 0.000010
0.035755 0.000010 0.964235
0.000010 0.000010 0.999980
0.000010 0.000010 0.999980
0.038465 0.011194 0.950341
0.999980 0.000010 0.000010
0.000010 0.000010 0.999980
0.999980 0.000010 0.000010
0.000010 0.000010 0.999980
0.000010 0.999980 0.000010
0.000010 0.000010 0.999980
0.000010 0.999980 0.000010
0.000010 0.999980 0.000010
0.999979 0.000011 0.000010
0.000010 0.000010 0.999980
0.048829 0.034616 0.916555
0.027856 0.000010 0.972134
0.000010 0.000010 0.999980
0.000010 0.999980 0.000010
0.000010 0.999980 0.000010
0.000010 0.000010 0.999980
0.000010 0.000010 0.999980
0.016886 0.000010 0.983104
0.000010 0.999980 0.000010
0.055448 0.000010 0.944542
0.000010 0.999980 0.000010
0.999980 0.000010 0.000010
0.000010 0.000010 0.999980
0.000010 0.999980 0.000010
0.000010 0.000010 0.999980
0.000010 0.999980 0.000010
0.000010 0.000010 0.999980
0.062765 0.000010 0.937225
0.054733 0.000010 0.945257
0.008786 0.000010 0.991204
0.000879 0.000010 0.999111
0.000010 0.000010 0.999980
0.000010 0.000010 0.999980
0.000010 0.000010 0.999980
0.070512 0.005494 0.923994
0.999980 0.000010 0.000010
0.068061 0.009839 0.922100
0.999980 0.000010 0.000010
0.000010 0.999980 0.000010
0.043109 0.000010 0.956881
0.011979 0.000010 0.988011
0.000010 0.000010 0.999980
0.052285 0.010689 0.937026
0.067950 0.071466 0.860584
0.000010 0.000010 0.999980
0.999980 0.000010 0.000010
0.000010 0.000010 0.999980
0.999980 0.000010 0.000010
0.000010 0.999980 0.000010
0.000010 0.999980 0.000010
0.999980 0.000010 0.000010
0.000010 0.000010 0.999980
0.073469 0.006271 0.920261
0.999980 0.000010 0.000010
0.000010 0.999980 0.000010
0.000010 0.999980 0.000010
0.051522 0.029056 0.919422
0.000010 0.999980 0.000010
0.000010 0.000010 0.999980
0.000010 0.999980 0.000010
0.009923 0.000010 0.990067
0.027944 0.072910 0.899147
0.038806 0.000010 0.961184
0.032153 0.000010 0.967837
0.000010 0.999980 0.000010
0.044103 0.000010 0.955887
0.000010 0.000010 0.999980
0.999980 0.000010 0.000010
0.000010 0.000010 0.999980
0.000011 0.999979 0.000010
0.000010 0.999980 0.000010
0.000010 0.000010 0.999980
0.000010 0.999980 0.000010
0.000010 0.999980 0.000010
0.065209 0.009090 0.925700
0.000010 0.000010 0.999980
0.000010 0.000010 0.999980
0.035923 0.009125 0.954952
0.999980 0.000010 0.000010
0.999980 0.000010 0.000010
0.054985 0.000010 0.945005
0.999980 0.000010 0.000010
0.000010 0.999980 0.000010
0.064174 0.009431 0.926394
0.000010 0.000010 0.999980
0.000010 0.000010 0.999980
0.999980 0.000010 0.000010
0.999980 0.000010 0.000010
0.000010 0.999980 0.000010
0.000010 0.035161 0.964829
0.000010 0.000010 0.999980
0.000010 0.999980 0.000010
0.000010 0.000010 0.999980
0.930574 0.003929 0.065497
0.000010 0.000010 0.999980
0.000010 0.999980 0.000010
0.999980 0.000010 0.000010
0.000010 0.999980 0.000010
0.000010 0.999980 0.000010
0.999980 0.000010 0.000010
