155
Binoshi_224  0.00000000 0.03986501 0.01302702 0.41694998 0.41122801 1.21618184 1.19126982 1.22938192 1.25488476 1.24061372 1.21576039 1.27174256 1.25074899 1.24432625 1.22251765 1.24322256 1.18892195 1.22237114 1.18334071 1.18609681 1.23631284 1.20044999 1.21207764 1.23310698 1.21281567 1.25595162 1.25892659 1.20655398 1.24348439 1.18214250 1.27923719 1.23386600 1.19860914 1.20561060 1.19799800 1.20783009 1.19859213 1.22753415 1.18644406 1.20883537 1.18629020 1.23843270 1.18284117 1.20023597 1.18608355 1.19335533 1.17499132 1.21467838 1.27375245 1.21752843 1.20542739 1.19477591 1.24675463 1.18986880 1.19712390 1.23331689 1.24550887 1.28619164 1.19225814 1.18565539 1.20496221 1.24232267 1.23599728 1.26662062 1.21729380 1.17291038 1.19258781 1.19096067 1.19632711 1.18942539 1.20242956 1.18702790 1.17458840 1.25389914 1.23257776 1.19787297 1.22428613 1.23976729 1.20960126 1.18948582 1.24754761 1.22837619 1.22757959 1.17796296 1.20304401 1.23271062 1.25480274 1.22659707 1.23878499 1.17954706 1.26166039 1.20428911 1.24685100 1.17660332 1.18033055 1.22205727 1.22930717 1.21131454 1.18244394 1.26948813 1.22608482 1.21142579 1.27100896 1.20003293 1.20342641 1.21078988 1.23062854 1.19996179 1.24007380 1.20012720 1.18674531 1.22037376 1.20480421 1.24402779 1.20385321 1.22398949 1.18647810 1.22109999 1.18509692 1.19063454 1.20443017 1.21844039 1.22215113 1.23122118 1.19377775 1.19640559 1.20632787 1.20528918 1.19776733 1.23238196 1.17869280 1.24982665 1.18706001 1.21709773 1.23459168 1.23518630 1.22830337 1.20013332 1.19393829 1.23230741 1.24001776 1.23298409 1.24904633 1.19399643 1.24370108 1.24240007 1.19790056 1.23583566 1.21855722 1.21424944 1.21148273 1.23496672 1.19569450 1.20324084 1.23460686 
Binoshi_225  0.03986501 0.00000000 0.03724454 0.39977587 0.39051007 1.19352725 1.16753696 1.20426386 1.22927579 1.21502707 1.18885163 1.25084578 1.22400767 1.22132404 1.20031901 1.21897857 1.16452926 1.19771229 1.15701748 1.16467332 1.21521197 1.17200829 1.18686252 1.21099352 1.18694951 1.22913512 1.23567090 1.17895222 1.21988098 1.15857987 1.25265470 1.20812497 1.17584267 1.18054245 1.17092110 1.18076246 1.17796609 1.20014736 1.15820078 1.18516558 1.16063014 1.21360149 1.15735202 1.17838212 1.16442183 1.16837833 1.14759900 1.18614523 1.24897672 1.19345953 1.18008850 1.16748687 1.22183622 1.16283423 1.17262597 1.21054852 1.22231085 1.26188069 1.16700907 1.16218022 1.17733587 1.21723868 1.21130365 1.24177064 1.19193129 1.15081728 1.16608339 1.16426255 1.17053388 1.16608391 1.17424579 1.16358215 1.14988955 1.22983840 1.20556436 1.17406912 1.20148491 1.21824691 1.18499060 1.16272343 1.22371112 1.20546848 1.20440599 1.15254783 1.17814087 1.20820895 1.22931784 1.20438509 1.21592066 1.15541279 1.23782384 1.17867197 1.22494641 1.15329371 1.15769650 1.19476793 1.20729073 1.18292550 1.15447238 1.24639816 1.20375930 1.18630559 1.24864580 1.17469862 1.17979847 1.19048868 1.20276550 1.17444023 1.21547092 1.17653001 1.16050553 1.19666078 1.17859593 1.21994090 1.18089790 1.20111680 1.16530022 1.19517731 1.15835706 1.17205137 1.18152401 1.18781394 1.20037325 1.20740920 1.17025863 1.17560927 1.17817419 1.17868103 1.17249698 1.20608282 1.15449070 1.22524475 1.16197148 1.19424359 1.21349709 1.20885758 1.20584550 1.17593859 1.16710803 1.20289859 1.21932929 1.21133593 1.22724574 1.17129302 1.22006644 1.21917591 1.17473867 1.21075563 1.19879846 1.18996736 1.18969506 1.21453502 1.17055273 1.17929116 1.20844821 
Binoshi_227  0.01302702 0.03724454 0.00000000 0.40789262 0.40144365 1.21175415 1.18617032 1.22581439 1.25083614 1.23403898 1.21104191 1.26767410 1.24614565 1.24097552 1.21952651 1.23895305 1.18362480 1.21631873 1.17935561 1.18188226 1.23257702 1.19624121 1.20743678 1.22905843 1.20905024 1.24922883 1.25388869 1.20100173 1.24076542 1.18052787 1.27631700 1.22892962 1.19521544 1.20232210 1.19423461 1.20356363 1.19474827 1.22198939 1.18196508 1.20519422 1.18422488 1.23349939 1.17826145 1.19636403 1.18279569 1.18946153 1.17268125 1.21012676 1.26912769 1.21353251 1.20079465 1.19062957 1.24169310 1.18495225 1.19428839 1.22900057 1.24100290 1.28134858 1.18832004 1.17962216 1.19957136 1.23767173 1.23328051 1.26303583 1.21356164 1.16905331 1.18856321 1.18726408 1.19145357 1.18482368 1.19675760 1.18329040 1.17226725 1.24811947 1.22586361 1.19610321 1.22058373 1.23536754 1.20581217 1.18414361 1.24176241 1.22368465 1.22455261 1.17524773 1.19856215 1.22990857 1.24815755 1.22280942 1.23389828 1.17564636 1.25876004 1.20108791 1.24346718 1.17031657 1.17730000 1.21583269 1.22637791 1.20677615 1.17541933 1.26755163 1.22158254 1.20675203 1.26818248 1.19409848 1.19895279 1.20782115 1.22415777 1.19805742 1.23510331 1.19669047 1.18285020 1.21877614 1.20026972 1.24003789 1.19761854 1.22119799 1.18311571 1.21671146 1.18083700 1.18786774 1.20113107 1.21105529 1.22033055 1.22702114 1.19248655 1.19392398 1.20258570 1.19830521 1.19351781 1.22712570 1.17491481 1.24722114 1.18246073 1.21183353 1.23148054 1.23042939 1.22366586 1.19613624 1.19003295 1.22702722 1.23733091 1.22868702 1.24422695 1.18934171 1.23987537 1.24088636 1.19590680 1.23172466 1.21325628 1.20908429 1.20925988 1.23126933 1.19098548 1.19933894 1.22990458 
Binoshi_230  0.41694998 0.39977587 0.40789262 0.00000000 0.07469499 0.89242955 0.86496311 0.90324654 0.92868269 0.90132685 0.88222943 0.93653655 0.91509969 0.91048381 0.89286624 0.90940285 0.86196162 0.89020330 0.86024354 0.86125415 0.90331768 0.87407456 0.88207865 0.90042802 0.88677214 0.91902551 0.92557927 0.87528018 0.90696033 0.85972604 0.93769626 0.90057914 0.86641979 0.87652819 0.87873237 0.87359818 0.87121320 0.88984560 0.86212749 0.88196853 0.85956785 0.90224944 0.85798284 0.87567605 0.86314871 0.87067309 0.84841948 0.88273016 0.93304869 0.89118764 0.87486696 0.86666124 0.91412190 0.86482618 0.87510173 0.89950016 0.91293217 0.94583689 0.86375513 0.85674739 0.87550316 0.90882277 0.90156340 0.92894949 0.88197038 0.85169596 0.86634434 0.86323535 0.86945389 0.86639857 0.86934610 0.86398453 0.85175208 0.91488251 0.89905515 0.86959730 0.89714638 0.91275948 0.88529505 0.85836666 0.91588279 0.89886081 0.89757929 0.85815033 0.87166881 0.90331942 0.91651076 0.89165307 0.90545617 0.85746122 0.93087301 0.87675574 0.91905761 0.84971472 0.86052564 0.88885576 0.89939336 0.87941415 0.86057963 0.92993404 0.90489907 0.87917030 0.93828737 0.87298121 0.87229359 0.88373206 0.90210269 0.87526112 0.90787261 0.87433117 0.85883286 0.89178192 0.87271055 0.90977276 0.87388432 0.89188818 0.86907048 0.88871125 0.85792120 0.86423973 0.87956099 0.88647001 0.89213427 0.89842124 0.86348791 0.86665453 0.87713642 0.86890686 0.86740598 0.90182287 0.85716755 0.91195628 0.85847175 0.88654777 0.90673138 0.90007216 0.90216964 0.87171610 0.86540522 0.89967675 0.90652616 0.90503838 0.91848933 0.86458975 0.92196105 0.90888675 0.87359099 0.90354424 0.89010796 0.88047961 0.88198503 0.90690741 0.86446757 0.87224277 0.90224856 
Binoshi_232  0.41122801 0.39051007 0.40144365 0.07469499 0.00000000 0.89523938 0.86796598 0.90695403 0.93439905 0.90354874 0.88465552 0.94212996 0.91274239 0.91414421 0.89479832 0.91464108 0.86544048 0.89435668 0.86199999 0.86737563 0.90750345 0.87287011 0.88971975 0.90638651 0.88924981 0.92332783 0.92524212 0.87931146 0.90929103 0.86290113 0.94198447 0.90443106 0.86990319 0.88154726 0.87809762 0.88020996 0.87576031 0.89283841 0.86423677 0.88558045 0.85982461 0.90447902 0.85908438 0.87813587 0.86820116 0.87427901 0.84945138 0.88427732 0.93938622 0.89361581 0.87782805 0.87262395 0.91608438 0.86739018 0.87624072 0.90322732 0.91626218 0.95028523 0.86679632 0.86417907 0.87496140 0.91365710 0.90793281 0.93379375 0.88687155 0.85354910 0.86866659 0.86497095 0.87156249 0.86949223 0.87353343 0.86939166 0.85545914 0.92164224 0.90305332 0.87908851 0.90034938 0.91228883 0.88797384 0.86493376 0.91987711 0.90039300 0.90047208 0.85964608 0.87512090 0.90494734 0.92031286 0.89370269 0.90848844 0.85837125 0.93221165 0.88009338 0.92347426 0.85474499 0.86230253 0.88829400 0.90052491 0.87879729 0.86228159 0.93042804 0.90961052 0.88292583 0.94445792 0.87526517 0.87537361 0.88902311 0.90212153 0.88123859 0.91321735 0.87944110 0.86265975 0.90007720 0.87756337 0.91263343 0.88051540 0.89819400 0.87215438 0.88947382 0.85920094 0.87105501 0.88176355 0.88589427 0.89773881 0.90234063 0.86631684 0.87409968 0.87746436 0.87678185 0.87209287 0.90808296 0.85962194 0.91367786 0.86051172 0.89183801 0.91244179 0.90395581 0.90561209 0.87372702 0.86564392 0.89963515 0.91138929 0.91143295 0.92239784 0.86835132 0.92564639 0.91194417 0.88080608 0.90415646 0.89855783 0.88554969 0.89083827 0.91467517 0.87154027 0.88107162 0.90692799 
Physaria_001 1.21618184 1.19352725 1.21175415 0.89242955 0.89523938 0.00000000 0.01757030 0.04549706 0.08192548 0.07485918 0.06543112 0.08819441 0.07460371 0.07670656 0.06649175 0.03977693 0.00170435 0.06199544 0.05008315 0.02442006 0.07121562 0.05691228 0.03212437 0.06921652 0.06321415 0.08306064 0.07802098 0.05727810 0.07145177 0.05197793 0.08351251 0.07311293 0.05654752 0.05547842 0.06053637 0.05556750 0.05575326 0.06673794 0.05272386 0.05987902 0.05083953 0.06976849 0.04884330 0.06491375 0.02940945 0.05418561 0.05074408 0.06173267 0.08810458 0.06715017 0.06362890 0.05716621 0.07524401 0.05362236 0.05728525 0.07157873 0.07151514 0.09086830 0.05738756 0.02476505 0.05843990 0.03921597 0.04315661 0.08809538 0.06525206 0.04600861 0.06102395 0.05299917 0.01957201 0.02846912 0.05861155 0.05783911 0.05025503 0.04680825 0.06682509 0.03303735 0.07368091 0.07691051 0.02815486 0.05078832 0.03760951 0.06946771 0.06848846 0.05119065 0.05573509 0.07695783 0.07818575 0.07004699 0.07350575 0.05303003 0.08594341 0.06037551 0.07879594 0.02479714 0.05147895 0.06347776 0.06807841 0.05764694 0.05011138 0.07886526 0.07755509 0.05966683 0.09024837 0.01585073 0.02622129 0.06942357 0.07492294 0.06053610 0.07976696 0.02954825 0.01941284 0.06424250 0.01159714 0.07305172 0.02885124 0.06572414 0.05397277 0.06336722 0.05504568 0.02987943 0.06108772 0.06557430 0.07374687 0.06916913 0.00562779 0.02810041 0.05739211 0.02776986 0.02649530 0.07156004 0.05156671 0.07518396 0.04811162 0.06881255 0.07981170 0.07315908 0.07210845 0.02000013 0.05365089 0.07013404 0.07100937 0.07773939 0.08215757 0.02289925 0.07656397 0.07062966 0.03149457 0.06864747 0.06470641 0.06128762 0.03264787 0.07834046 0.01686146 0.02724533 0.07578199 
Physaria_002 1.19126982 1.16753696 1.18617032 0.86496311 0.86796598 0.01757030 0.00000000 0.03775987 0.07032391 0.06105077 0.05365724 0.07434960 0.06510897 0.06427213 0.05578082 0.03679084 0.01127184 0.05262082 0.04071238 0.01634706 0.06055949 0.04623644 0.02598149 0.06036570 0.05219051 0.07055504 0.06760510 0.04800741 0.06196610 0.04299029 0.07135681 0.06235631 0.04609629 0.04706810 0.05035765 0.04515271 0.04674897 0.05587418 0.04283176 0.04840621 0.04205079 0.05942574 0.04089845 0.05318524 0.02226981 0.04389138 0.04011656 0.05163101 0.07587047 0.05584468 0.05341390 0.04736880 0.06576603 0.04409077 0.04774878 0.05980660 0.06284045 0.07848309 0.04681925 0.01720315 0.04767274 0.03459603 0.03750469 0.07592047 0.05418853 0.03768137 0.05105839 0.04374408 0.00352900 0.01882826 0.04852384 0.04876483 0.03884084 0.03228651 0.05495892 0.02662152 0.06246374 0.06614845 0.01856479 0.04241564 0.00046608 0.06060465 0.05713868 0.04216693 0.04661898 0.06641108 0.06661775 0.05920612 0.06276641 0.04398161 0.07269949 0.04916808 0.06671615 0.01613608 0.04315374 0.05364741 0.05796646 0.04761879 0.04187261 0.06877282 0.06723570 0.04999214 0.07738559 0.00511318 0.02268791 0.05861747 0.06433568 0.05075837 0.06711761 0.02509327 0.00634448 0.05499381 0.00618130 0.06417626 0.01792012 0.05589187 0.04421382 0.05422406 0.04764828 0.02726392 0.05138672 0.05402899 0.06187005 0.05904869 0.00932418 0.02368857 0.04809209 0.01720687 0.01919059 0.06266321 0.04243361 0.06541864 0.03981736 0.05666555 0.06800064 0.06156878 0.05936055 0.00805300 0.04516746 0.05993975 0.06078011 0.06581084 0.06928183 0.00995450 0.06512220 0.06115437 0.02716790 0.05907846 0.05421426 0.05162442 0.02770106 0.06629871 0.01026961 0.02367447 0.06324506 
Physaria_003 1.22938192 1.20426386 1.22581439 0.90324654 0.90695403 0.04549706 0.03775987 0.00000000 0.08697457 0.07553949 0.06652355 0.09059651 0.08021788 0.08043859 0.06999738 0.01647041 0.03354947 0.06554991 0.05333684 0.03181596 0.07500149 0.05976669 0.02446974 0.07370142 0.06896160 0.08431671 0.08574971 0.06290474 0.07416090 0.05641418 0.08752496 0.07678452 0.06078167 0.05884032 0.06585878 0.05879831 0.05948912 0.07062213 0.05579581 0.06608019 0.05601801 0.07095874 0.05237423 0.06788973 0.03347905 0.05809374 0.05293037 0.06707554 0.09180886 0.07141100 0.06770609 0.06227088 0.08037249 0.05733996 0.06446531 0.07460506 0.07873274 0.09450071 0.06055914 0.03163643 0.06081505 0.01120026 0.03439540 0.09192418 0.07020940 0.05053671 0.06379668 0.05603969 0.03655075 0.03376678 0.06194596 0.06203778 0.05313457 0.05418223 0.06906045 0.01304808 0.07765803 0.07863383 0.04585316 0.05517880 0.05926940 0.07453013 0.07434880 0.05677368 0.06020040 0.08049752 0.08198139 0.07347268 0.07729321 0.05662000 0.09165397 0.06425128 0.08465626 0.02958665 0.05591208 0.06737737 0.07099508 0.06295924 0.05447704 0.08601312 0.08332578 0.06320884 0.09207554 0.03586472 0.02079612 0.07154580 0.07841474 0.06544893 0.08223429 0.00530420 0.03430772 0.07178013 0.03689403 0.07917432 0.03892739 0.06952527 0.05956963 0.06682685 0.05807866 0.00921795 0.06738929 0.06721545 0.07477275 0.07165950 0.04057905 0.00697471 0.05949830 0.03663534 0.03845534 0.07615127 0.05622257 0.08075158 0.05202099 0.07085284 0.08266349 0.07880448 0.07710508 0.03745380 0.05993310 0.07325154 0.07275248 0.08013750 0.08414075 0.03913538 0.08187575 0.07570128 0.00236951 0.07352956 0.06852366 0.06685686 0.02774097 0.08060939 0.03409354 0.02025529 0.07853647 
Physaria_004 1.25488476 1.22927579 1.25083614 0.92868269 0.93439905 0.08192548 0.07032391 0.08697457 0.00000000 0.06412151 0.05714560 0.08349575 0.06726715 0.06880531 0.05904537 0.08616810 0.06859551 0.04897147 0.03681205 0.06749738 0.06351614 0.04660939 0.07701823 0.06185696 0.04897370 0.07508813 0.07344656 0.05363137 0.06602542 0.00860076 0.08032487 0.06599742 0.04722197 0.04999487 0.03524258 0.04959560 0.04988780 0.05882884 0.04498549 0.04830014 0.03495707 0.06016026 0.03477572 0.05432005 0.07101787 0.01227930 0.03259128 0.04929085 0.08199197 0.05887568 0.05589131 0.03961790 0.06506480 0.04811098 0.03470630 0.06370222 0.06569541 0.08572855 0.04817002 0.06446803 0.05134591 0.08403119 0.09145448 0.08214227 0.05500666 0.02652697 0.04179169 0.04823343 0.06804585 0.06830235 0.05203298 0.05148083 0.02995399 0.08706633 0.05725558 0.07650845 0.06692136 0.06657055 0.07813537 0.04534054 0.09339001 0.06095767 0.05990949 0.03421823 0.05077898 0.05739002 0.07319326 0.05968368 0.06291219 0.03857158 0.07637435 0.04682522 0.06976008 0.06129425 0.03663636 0.05218859 0.06018598 0.04392044 0.03107733 0.07365640 0.07112240 0.05661725 0.08101724 0.06692516 0.07051422 0.06150447 0.06601510 0.04178343 0.07093531 0.07156856 0.06788726 0.04959641 0.07149783 0.06887856 0.06842048 0.05891055 0.02931011 0.05276196 0.04089247 0.07538278 0.04253926 0.05755104 0.06413744 0.06152111 0.07310716 0.06819580 0.05356857 0.06725273 0.07303077 0.06325763 0.00025064 0.06651074 0.01110333 0.05849095 0.07172157 0.06811731 0.06131703 0.06710537 0.03813041 0.06376329 0.06017135 0.06888219 0.07478626 0.06820889 0.01754155 0.06654279 0.07633438 0.06185962 0.05780678 0.05541966 0.07924065 0.06936584 0.06564620 0.07363415 0.06592211 
Physaria_005 1.24061372 1.21502707 1.23403898 0.90132685 0.90354874 0.07485918 0.06105077 0.07553949 0.06412151 0.00000000 0.00028205 0.05927703 0.04750450 0.05059333 0.04277852 0.07491781 0.06204857 0.03311622 0.03148108 0.05723009 0.04319807 0.02003148 0.06552000 0.04344058 0.03149988 0.04990927 0.05763720 0.01327294 0.04528698 0.03692043 0.02885307 0.04743441 0.00552049 0.02011771 0.04338965 0.01397870 0.01947927 0.01145241 0.02047594 0.03237282 0.03135030 0.03987153 0.02967506 0.03425554 0.06112578 0.03971461 0.02791118 0.03442236 0.06119832 0.04531216 0.03825162 0.03611953 0.04714388 0.02023086 0.03226880 0.04132230 0.04492007 0.06371154 0.00723491 0.05846877 0.01999826 0.07162815 0.07871328 0.06162947 0.01105594 0.02734889 0.03407586 0.01103797 0.05959093 0.06021279 0.00747160 0.01711543 0.02613058 0.07990017 0.03574606 0.06478620 0.04813209 0.04788972 0.06710169 0.02261330 0.08451893 0.04238933 0.03852801 0.03125293 0.01183040 0.04220160 0.00041840 0.04055293 0.04417837 0.03267384 0.06476326 0.03287344 0.05932681 0.05728428 0.03273119 0.03315719 0.04367293 0.02893238 0.03821995 0.04898892 0.05143453 0.01819223 0.06039830 0.06076692 0.05879613 0.04024483 0.04808602 0.03349845 0.04735190 0.05988477 0.05886660 0.03865010 0.06267111 0.04875683 0.05824164 0.03943715 0.04116888 0.03331434 0.02416558 0.06403044 0.03249303 0.00136740 0.04205912 0.04401980 0.06546046 0.05796569 0.01727512 0.06164629 0.06146208 0.03987259 0.03671151 0.04664545 0.02967846 0.03713202 0.04611193 0.02005063 0.05306219 0.05862760 0.02650832 0.00462133 0.04306165 0.04448821 0.05011605 0.05812613 0.06117874 0.04499195 0.06625701 0.04187669 0.04212924 0.01142394 0.06554538 0.04504955 0.05647261 0.06137277 0.04278009 
Physaria_006 1.21576039 1.18885163 1.21104191 0.88222943 0.88465552 0.06543112 0.05365724 0.06652355 0.05714560 0.00028205 0.00000000 0.04811397 0.03803234 0.03983080 0.03521422 0.06592506 0.05446236 0.02892366 0.02523291 0.04973379 0.03458620 0.01371410 0.05639292 0.03674755 0.02658892 0.04567016 0.04649457 0.01028243 0.03775507 0.03029383 0.01914394 0.03662884 0.00634939 0.01611677 0.03564546 0.00932024 0.01233716 0.00938043 0.01522680 0.02702201 0.02555408 0.03549996 0.02518707 0.03168242 0.05292846 0.03281436 0.02378857 0.02710185 0.05012273 0.03737006 0.03215201 0.03005160 0.03814137 0.01376328 0.02710155 0.03626056 0.03973462 0.05231470 0.00651263 0.05059493 0.01688031 0.06301386 0.07192106 0.05059169 0.01093967 0.02310941 0.02773465 0.00767417 0.05171699 0.05284819 0.00662769 0.01177196 0.02228324 0.07043471 0.03134409 0.05797632 0.03707283 0.04003432 0.05899785 0.01452424 0.07535857 0.03483273 0.03189743 0.02609571 0.00900996 0.03677567 0.00218118 0.03232657 0.03561703 0.02776429 0.05663438 0.02640308 0.05045957 0.04993317 0.02747773 0.02789583 0.03616912 0.02472761 0.03155373 0.04048295 0.04551711 0.01541316 0.04938578 0.05348033 0.05194066 0.03551904 0.03805035 0.02771099 0.04350086 0.05211933 0.05046646 0.03367889 0.05505752 0.04015901 0.05043616 0.03426867 0.03434183 0.02783027 0.02166271 0.05718541 0.02707217 0.00595158 0.03849849 0.03555499 0.05859447 0.05125990 0.01255401 0.05351140 0.05486758 0.03611375 0.02998539 0.03728772 0.02373944 0.03327105 0.04285236 0.00476643 0.04377276 0.05072743 0.02253497 0.00173800 0.03656176 0.04088041 0.04575453 0.05106768 0.05513972 0.03657082 0.05881092 0.03252513 0.03623541 0.01091216 0.05953150 0.04130264 0.04871897 0.05456099 0.03936030 
Physaria_007 1.27174256 1.25084578 1.26767410 0.93653655 0.94212996 0.08819441 0.07434960 0.09059651 0.08349575 0.05927703 0.04811397 0.00000000 0.05591410 0.00634470 0.04940842 0.09073315 0.07563284 0.04440887 0.03891794 0.07203623 0.05288097 0.04666931 0.08262920 0.05365179 0.04981921 0.01750069 0.06413896 0.04613404 0.05382343 0.05009430 0.06332603 0.00885431 0.04832889 0.05611570 0.05562862 0.04365551 0.05533891 0.05259048 0.04999809 0.04497282 0.04595497 0.05142607 0.04178792 0.02047650 0.07692068 0.05122924 0.04402243 0.05383926 0.01610891 0.01705370 0.00462328 0.04792012 0.05629950 0.05245993 0.04755556 0.00648351 0.05690648 0.01743892 0.04947968 0.07209292 0.04881075 0.08842095 0.09667869 0.01619167 0.05010381 0.03750695 0.05276774 0.04785431 0.07489002 0.07531502 0.05194945 0.05682999 0.04344067 0.09541256 0.04878154 0.08024168 0.00710897 0.05586612 0.07981295 0.04800913 0.09835888 0.05170534 0.05055025 0.04305843 0.04613517 0.06837459 0.06829637 0.04902609 0.05277109 0.04256094 0.05244214 0.04342764 0.03989752 0.07030310 0.04515967 0.05120010 0.05034685 0.04486485 0.04755316 0.06251543 0.01336586 0.05476783 0.01983581 0.07600884 0.07675204 0.01022543 0.05450865 0.04439842 0.01026622 0.07579153 0.07414390 0.05310973 0.07652524 0.05703066 0.07650457 0.04721614 0.05255940 0.05092729 0.04464307 0.07843542 0.04578972 0.05179625 0.01938618 0.05110774 0.07821936 0.07452110 0.05193347 0.07593893 0.07712519 0.06038991 0.04977611 0.05604577 0.03868520 0.01106389 0.03650609 0.05332499 0.03660147 0.07389854 0.04189667 0.05687330 0.05175848 0.03226154 0.01336872 0.07437211 0.08041446 0.05427234 0.08159519 0.04960356 0.01874869 0.05542402 0.08495347 0.03284365 0.07266472 0.07827289 0.01784290 
Physaria_008 1.25074899 1.22400767 1.24614565 0.91509969 0.91274239 0.07460371 0.06510897 0.08021788 0.06726715 0.04750450 0.03803234 0.05591410 0.00000000 0.04719248 0.00524218 0.08000500 0.06470465 0.03523363 0.02816461 0.06235562 0.00474473 0.03691204 0.07053751 0.00580526 0.04151079 0.04886014 0.01267743 0.04067253 0.00731399 0.03942322 0.05637584 0.04385604 0.04033539 0.04310314 0.04906470 0.03571987 0.04393975 0.04828546 0.03937811 0.03775440 0.03491461 0.00985602 0.02734743 0.03594341 0.06712756 0.04335286 0.03142646 0.04207512 0.05508858 0.04562654 0.03570150 0.04033563 0.00796157 0.04454414 0.03940723 0.04297450 0.00951759 0.05701271 0.04063986 0.06088524 0.04508597 0.07723629 0.08449370 0.05525431 0.04026714 0.02763470 0.04027502 0.03900865 0.06423838 0.06666474 0.04017346 0.04732684 0.03081667 0.08434666 0.04322405 0.07183660 0.04488827 0.00766377 0.07270287 0.03978498 0.08670280 0.00566504 0.04318041 0.03071722 0.03923761 0.05325062 0.05466563 0.00499027 0.00647407 0.03266111 0.06750439 0.03969361 0.06019994 0.06147785 0.03089729 0.03866092 0.00628806 0.03511991 0.03857293 0.00512845 0.04968909 0.04561726 0.05577573 0.06506707 0.06603527 0.04058529 0.00845050 0.04099919 0.04666789 0.06579267 0.06373190 0.04840101 0.06771328 0.00684580 0.06460296 0.00855273 0.04131035 0.03923555 0.03570120 0.06940296 0.04053916 0.04570894 0.04103520 0.00674902 0.06788401 0.06477165 0.04473867 0.06500008 0.06836306 0.04898361 0.03752044 0.00393233 0.03143559 0.03975681 0.04930908 0.04253505 0.05407069 0.06460260 0.03402657 0.04854694 0.00827425 0.04728634 0.04972473 0.06594053 0.06412480 0.00784107 0.07245003 0.00617301 0.04330527 0.04673603 0.07408178 0.04782563 0.06142028 0.06884694 0.04742080 
Physaria_009 1.24432625 1.22132404 1.24097552 0.91048381 0.91414421 0.07670656 0.06427213 0.08043859 0.06880531 0.05059333 0.03983080 0.00634470 0.04719248 0.00000000 0.04110188 0.08019643 0.06498284 0.03438894 0.03106683 0.06196705 0.04495332 0.03799567 0.07327184 0.04523552 0.03949748 0.00599596 0.05458652 0.03608280 0.04630155 0.03974457 0.05260297 0.00126448 0.04028018 0.04550860 0.04692625 0.03456385 0.04551490 0.04308994 0.04081479 0.03664304 0.03537773 0.04357700 0.03382335 0.01251397 0.06812360 0.04192643 0.03495285 0.04192295 0.00010541 0.00653050 0.00021192 0.03917031 0.04690692 0.04291103 0.03799192 0.00687200 0.04667932 0.00010464 0.04059871 0.06239467 0.03994699 0.07780280 0.08494074 0.00007625 0.04062814 0.02885839 0.04216670 0.03817982 0.06528465 0.06559821 0.04067981 0.04784596 0.03519933 0.08399507 0.04059877 0.07138943 0.00024368 0.04808356 0.07042776 0.03906661 0.08679868 0.04405120 0.04081279 0.03278500 0.03598980 0.05543658 0.05809752 0.04200810 0.04365395 0.03330273 0.03264227 0.03635759 0.02884353 0.06076335 0.03430212 0.04083416 0.04230449 0.03501955 0.03816025 0.05349263 0.01494982 0.04504923 0.01158225 0.06574264 0.06784372 0.00479699 0.04716992 0.03539881 0.00197016 0.06747560 0.06460191 0.04463061 0.06732965 0.04934576 0.06642741 0.04020662 0.04176232 0.03944788 0.03410508 0.07045209 0.03750698 0.04283246 0.01061008 0.04359805 0.06802286 0.06622520 0.04251143 0.06611983 0.06765422 0.05105493 0.03939535 0.04745750 0.03024629 0.00874625 0.02387425 0.04411824 0.02202016 0.06412819 0.03252388 0.04793281 0.04366538 0.01766095 0.00028588 0.06450799 0.06687517 0.04637622 0.07192935 0.04198913 0.01375278 0.04452083 0.07506826 0.01804481 0.06285125 0.06889952 0.01286665 
Physaria_010 1.22251765 1.20031901 1.21952651 0.89286624 0.89479832 0.06649175 0.05578082 0.06999738 0.05904537 0.04277852 0.03521422 0.04940842 0.00524218 0.04110188 0.00000000 0.06946813 0.05591488 0.03066353 0.02309849 0.05411700 0.00058191 0.03026727 0.06259883 0.00663145 0.03328513 0.04277222 0.01225456 0.03506664 0.00271466 0.03277515 0.05040521 0.03818988 0.03524192 0.03743347 0.04190901 0.03161726 0.03819459 0.04081884 0.03404098 0.03114803 0.02997412 0.00705829 0.02325341 0.03162708 0.05687224 0.03555647 0.02603635 0.03542808 0.04881382 0.04079470 0.03118603 0.03304651 0.00833808 0.03759350 0.03120152 0.03765494 0.00702215 0.05054548 0.03507348 0.05294497 0.03654908 0.06642828 0.07445768 0.04890003 0.03422979 0.02302717 0.03435265 0.03282476 0.05473327 0.05606221 0.03462977 0.04155702 0.02608988 0.07450749 0.03533293 0.06159118 0.03922096 0.00310719 0.06380529 0.03410355 0.07604033 0.00557403 0.03728505 0.02617572 0.03391249 0.04692527 0.04945108 0.00331129 0.00487728 0.02796610 0.06122902 0.03223741 0.05469049 0.05175988 0.02556371 0.03125683 0.00207957 0.02777961 0.03194659 0.00930493 0.04421286 0.03748055 0.04932007 0.05637574 0.05770780 0.03648538 0.00341924 0.03244652 0.04090570 0.05649046 0.05458641 0.03868955 0.05864108 0.00602637 0.05640994 0.00526507 0.03503159 0.03111597 0.03007093 0.05906443 0.03175364 0.03651554 0.03616911 0.00584739 0.05908019 0.05532413 0.03757329 0.05602738 0.05994461 0.03962655 0.03200456 0.00779080 0.02569811 0.03491997 0.04623743 0.03934650 0.04867609 0.05610234 0.02896772 0.04212109 0.00577047 0.04393675 0.04375521 0.05670556 0.05534108 0.00656881 0.06207240 0.00470258 0.03957157 0.04032168 0.06473114 0.04436012 0.05345376 0.06009111 0.04173891 
Physaria_011 1.24322256 1.21897857 1.23895305 0.90940285 0.91464108 0.03977693 0.03679084 0.01647041 0.08616810 0.07491781 0.06592506 0.09073315 0.08000500 0.08019643 0.06946813 0.00000000 0.03076800 0.06357012 0.05301966 0.02871953 0.07373971 0.05898299 0.02197372 0.07270425 0.06786272 0.08479522 0.08460262 0.06123656 0.07466849 0.05583350 0.08672059 0.07642204 0.05873147 0.05815171 0.06526235 0.05783056 0.05818412 0.06775795 0.05401194 0.06475660 0.05529025 0.07110043 0.05233790 0.06737508 0.03065812 0.05731869 0.05255017 0.06603200 0.09072731 0.07126600 0.06720746 0.06151974 0.07899373 0.05572473 0.06281846 0.07464469 0.07705817 0.09351987 0.05846557 0.02864989 0.05966216 0.00020314 0.03389896 0.09079269 0.06805209 0.04842937 0.06325158 0.05463511 0.03608338 0.03159449 0.06067582 0.06078088 0.05241114 0.05302451 0.06828216 0.01331070 0.07724728 0.07923457 0.04511834 0.05336522 0.05811853 0.07322261 0.07262023 0.05642422 0.05853571 0.07931492 0.08065992 0.07251165 0.07647083 0.05605244 0.09055912 0.06358281 0.08372422 0.02897261 0.05501711 0.06669508 0.07083952 0.06131014 0.05297189 0.08363803 0.08281938 0.06067109 0.09221581 0.03382411 0.02158808 0.07211733 0.07742301 0.06390469 0.08179417 0.00583659 0.03284129 0.06985960 0.03522185 0.07779548 0.03544205 0.06797781 0.05726016 0.06623868 0.05771482 0.01055436 0.06634919 0.06654678 0.07425050 0.07224556 0.03628198 0.00897764 0.05856951 0.03708105 0.03369495 0.07620747 0.05577216 0.07944885 0.05063275 0.07095631 0.08223540 0.07725940 0.07651283 0.03571034 0.05825589 0.07505506 0.07213441 0.07986532 0.08441470 0.03687317 0.08051236 0.07526748 0.01415957 0.07319415 0.06895157 0.06588296 0.02605746 0.08041125 0.03346588 0.01479392 0.07838540 
Physaria_012 1.18892195 1.16452926 1.18362480 0.86196162 0.86544048 0.00170435 0.01127184 0.03354947 0.06859551 0.06204857 0.05446236 0.07563284 0.06470465 0.06498284 0.05591488 0.03076800 0.00000000 0.05028286 0.03920127 0.01692856 0.06074592 0.04580459 0.02680138 0.05858824 0.05106439 0.07144941 0.06826023 0.04715743 0.06030836 0.04178400 0.07054965 0.06215699 0.04716329 0.04537143 0.04775701 0.04628852 0.04655592 0.05473254 0.04293556 0.04920088 0.04048056 0.05927557 0.03784826 0.05514097 0.02108147 0.04303993 0.03980198 0.05123285 0.07568076 0.05557792 0.05340779 0.04594302 0.06436517 0.04443150 0.04577371 0.06113551 0.06296856 0.07815092 0.04770765 0.01504453 0.04682234 0.02971775 0.03335197 0.07567232 0.05481381 0.03662196 0.04907034 0.04373397 0.01056785 0.01977000 0.04859770 0.04875938 0.03933891 0.03077192 0.05398764 0.02523606 0.06255021 0.06575780 0.01626525 0.04172393 0.02740489 0.06011279 0.05809394 0.04228236 0.04549470 0.06478527 0.06583717 0.05921110 0.06330170 0.04246927 0.07284774 0.04883969 0.06664790 0.01585419 0.04171408 0.05164007 0.05685512 0.04614431 0.04083494 0.06817563 0.06681414 0.04948833 0.07811253 0.00958836 0.02012341 0.06022719 0.06322346 0.04923712 0.06907926 0.02227107 0.01047941 0.05338345 0.00581888 0.06261679 0.01977957 0.05559356 0.04400949 0.05154169 0.04490904 0.02339003 0.04967423 0.05352233 0.06396722 0.05927816 0.00480509 0.02035077 0.04713107 0.01749677 0.01948994 0.05903436 0.04143889 0.06517549 0.03763426 0.05883171 0.07013802 0.06239117 0.05984322 0.00978841 0.04411711 0.06028486 0.06058674 0.06811729 0.07044015 0.01226002 0.06303282 0.05929420 0.02497975 0.05859299 0.05436278 0.05080629 0.02578336 0.06859505 0.00864423 0.02047037 0.06504347 
Physaria_013 1.22237114 1.19771229 1.21631873 0.89020330 0.89435668 0.06199544 0.05262082 0.06554991 0.04897147 0.03311622 0.02892366 0.04440887 0.03523363 0.03438894 0.03066353 0.06357012 0.05028286 0.00000000 0.01045862 0.04701860 0.03229968 0.02687966 0.05729109 0.03398000 0.01909296 0.03977733 0.04341124 0.03002980 0.03453077 0.02370039 0.04671278 0.03225643 0.02711420 0.03521771 0.02616851 0.02875379 0.03471754 0.02809335 0.02919367 0.01333896 0.01471073 0.03222719 0.01150979 0.02411313 0.05278110 0.02628633 0.01194213 0.00816400 0.04459140 0.03328425 0.02674066 0.01484572 0.03349162 0.03224088 0.01442374 0.03078549 0.03315328 0.04695651 0.02643095 0.04667483 0.02667461 0.06189927 0.06964306 0.04492889 0.02838601 0.00868498 0.01708189 0.02629055 0.04961853 0.05122855 0.02988437 0.03695873 0.01061332 0.06477254 0.02295968 0.05624615 0.03282170 0.03425351 0.05811067 0.02902277 0.07388969 0.03037407 0.01706794 0.01384831 0.02849537 0.02052361 0.04046819 0.03094907 0.03271651 0.01124754 0.05372578 0.01342253 0.04827099 0.04506030 0.01049211 0.00164947 0.03163739 0.00147592 0.01800252 0.03937896 0.04002045 0.03109659 0.04371547 0.05011552 0.05191117 0.02826321 0.03359090 0.01298106 0.03704736 0.05278028 0.05128975 0.02100378 0.05274754 0.03555630 0.04915544 0.02839384 0.02213305 0.00067937 0.01329219 0.05580076 0.01557785 0.02654926 0.02989484 0.03178040 0.05452133 0.05133354 0.03026459 0.04861413 0.04987204 0.03042879 0.02331491 0.03562378 0.00466708 0.02890537 0.03483076 0.03761700 0.04231382 0.05042037 0.01493671 0.03007690 0.03313418 0.03272117 0.03936519 0.05016122 0.04676010 0.03277298 0.05700808 0.02978500 0.03171159 0.03228495 0.06034501 0.03345434 0.04784443 0.05360580 0.03518666 
Physaria_014 1.18334071 1.15701748 1.17935561 0.86024354 0.86199999 0.05008315 0.04071238 0.05333684 0.03681205 0.03148108 0.02523291 0.03891794 0.02816461 0.03106683 0.02309849 0.05301966 0.03920127 0.01045862 0.00000000 0.03725392 0.02608857 0.02284276 0.04494296 0.02649746 0.01601761 0.03425483 0.03290719 0.02458388 0.02724253 0.01451252 0.04179458 0.02896933 0.02319712 0.02573543 0.02084098 0.02305487 0.02498141 0.02730618 0.01933608 0.01039019 0.01426419 0.02345397 0.00029459 0.02202305 0.04051998 0.01423702 0.00687172 0.01468956 0.03834800 0.02985433 0.02255507 0.01507244 0.02751774 0.02251202 0.01399885 0.02779895 0.02606428 0.04073206 0.02348810 0.03534440 0.02388166 0.05002648 0.05655105 0.03864996 0.02565780 0.00972428 0.01689142 0.02198728 0.03792721 0.03977307 0.02504814 0.02711239 0.00800310 0.05192341 0.01076879 0.04288842 0.02932440 0.02726454 0.04708500 0.01929899 0.05960724 0.02385827 0.01291474 0.00924129 0.02348201 0.02330588 0.03694353 0.02331603 0.02644954 0.00923037 0.04177333 0.01163293 0.03704062 0.03421346 0.01071941 0.01444465 0.02350769 0.01146609 0.00928112 0.03245949 0.03398871 0.02707792 0.03827343 0.03894275 0.03868180 0.02701233 0.02652101 0.01346350 0.03165579 0.03989681 0.03894886 0.01603735 0.04062907 0.03032388 0.03928566 0.02373700 0.01654183 0.01469382 0.01116018 0.04213134 0.01192920 0.02491001 0.02625412 0.02369472 0.04396634 0.03852316 0.02553465 0.03685843 0.03938463 0.02296525 0.01382891 0.02907400 0.00879422 0.02528781 0.03301150 0.03238743 0.03155782 0.03844579 0.01072823 0.02875626 0.02599160 0.03140041 0.03417954 0.03897088 0.03275233 0.02706662 0.04428684 0.02319898 0.02773450 0.02900619 0.04625918 0.03183434 0.03715382 0.04106523 0.03064432 
Physaria_015 1.18609681 1.16467332 1.18188226 0.86125415 0.86737563 0.02442006 0.01634706 0.03181596 0.06749738 0.05723009 0.04973379 0.07203623 0.06235562 0.06196705 0.05411700 0.02871953 0.01692856 0.04701860 0.03725392 0.00000000 0.05807221 0.04167065 0.02170685 0.05560222 0.04985023 0.06709145 0.06482264 0.04410869 0.05877078 0.04120137 0.06683578 0.05938787 0.04219649 0.04188227 0.04776553 0.04166000 0.04269118 0.05102673 0.03733688 0.04631897 0.03974775 0.05514097 0.03644184 0.04949839 0.00757228 0.04262572 0.03817203 0.04651823 0.07227357 0.05259825 0.04990418 0.04442294 0.06218567 0.03941496 0.04484522 0.05725635 0.05890050 0.07494092 0.04214543 0.01139189 0.04161809 0.02773156 0.03033094 0.07233966 0.05003400 0.03501747 0.04690474 0.03839472 0.01693999 0.00195335 0.04351300 0.04372862 0.03811967 0.02710665 0.04984800 0.02257938 0.05959009 0.06233976 0.02482484 0.03745491 0.03416648 0.05733546 0.05349313 0.03870048 0.04319514 0.06224655 0.06226682 0.05654313 0.05929933 0.04026703 0.06676720 0.04530250 0.06234071 0.01115631 0.03866754 0.04777560 0.05505360 0.04440969 0.03843736 0.06512659 0.06356130 0.04391641 0.07310705 0.01426976 0.01872014 0.05480988 0.06244976 0.04630101 0.06436899 0.01991274 0.01662124 0.05048295 0.01581960 0.06043422 0.01268269 0.05280169 0.04165225 0.04758779 0.04234569 0.02125858 0.04717033 0.04901499 0.05736922 0.05579505 0.01952629 0.01934050 0.04176425 0.01346725 0.00394288 0.05513362 0.04076932 0.06067030 0.03747405 0.05358721 0.06338098 0.05846443 0.05521760 0.01612492 0.04217026 0.05582178 0.05718356 0.06138183 0.06606462 0.01349996 0.06221663 0.05858662 0.02303474 0.05730835 0.04967417 0.04607279 0.02229292 0.06178696 0.01436346 0.01960861 0.05930876 
Physaria_016 1.23631284 1.21521197 1.23257702 0.90331768 0.90750345 0.07121562 0.06055949 0.07500149 0.06351614 0.04319807 0.03458620 0.05288097 0.00474473 0.04495332 0.00058191 0.07373971 0.06074592 0.03229968 0.02608857 0.05807221 0.00000000 0.03265985 0.06592582 0.00362384 0.03817546 0.04592675 0.01361509 0.03563380 0.00357336 0.03636640 0.05133049 0.04165114 0.03642717 0.03862801 0.04582054 0.03218625 0.03920727 0.04463860 0.03583387 0.03418970 0.03296339 0.00670179 0.02705839 0.03478280 0.06135765 0.03992757 0.02821189 0.03923037 0.05275710 0.04442653 0.03476431 0.03807900 0.00750215 0.04060869 0.03536863 0.04090342 0.00700353 0.05438725 0.03621975 0.05656308 0.04093748 0.07134683 0.07949356 0.05299981 0.03604195 0.02555396 0.03759922 0.03542276 0.06084628 0.06030645 0.03639172 0.04245971 0.02805914 0.07896471 0.04023100 0.06653358 0.04285139 0.00327671 0.06779560 0.03602741 0.08116800 0.00487441 0.03997091 0.02913715 0.03363457 0.04970861 0.04967602 0.00647671 0.00443124 0.03101870 0.06517341 0.03573733 0.05846958 0.05645345 0.02821070 0.03527576 0.00293013 0.03266430 0.03532918 0.00571711 0.04806968 0.04037802 0.05295159 0.06029587 0.06098754 0.03873044 0.00425110 0.03734690 0.04421547 0.06121066 0.05901434 0.04407298 0.06295067 0.00761974 0.05939018 0.00803595 0.03769095 0.03556592 0.03288415 0.06456121 0.03635135 0.04062737 0.03834938 0.00703243 0.06321395 0.06000681 0.04009898 0.05998656 0.06400630 0.04495501 0.03552383 0.00440449 0.02770949 0.03858313 0.04719426 0.03873064 0.05253870 0.06066897 0.03155672 0.04385077 0.00473301 0.04553086 0.04726288 0.06118036 0.06037611 0.00630743 0.06685866 0.00290637 0.04154522 0.04128268 0.06911413 0.04616384 0.05668489 0.06393869 0.04553082 
Physaria_017 1.20044999 1.17200829 1.19624121 0.87407456 0.87287011 0.05691228 0.04623644 0.05976669 0.04660939 0.02003148 0.01371410 0.04666931 0.03691204 0.03799567 0.03026727 0.05898299 0.04580459 0.02687966 0.02284276 0.04167065 0.03265985 0.00000000 0.05017171 0.03383668 0.02802505 0.04325114 0.04192875 0.01492060 0.03567452 0.02208412 0.02719341 0.03497556 0.00787035 0.00885684 0.02717249 0.01180915 0.01514395 0.01606556 0.00026436 0.02646299 0.02387677 0.03198511 0.02168741 0.02789419 0.04398287 0.02464467 0.02032216 0.03017938 0.04722057 0.03277781 0.02855150 0.02690272 0.03521228 0.01108195 0.02510264 0.03428382 0.03544042 0.04959857 0.01225703 0.04172704 0.00211429 0.05665842 0.06210511 0.04750821 0.00678412 0.01668205 0.02619286 0.00855648 0.04384294 0.04326196 0.01134246 0.01352814 0.01873323 0.06293830 0.02878327 0.04910136 0.03551977 0.03721310 0.05274576 0.00774349 0.06702994 0.03150885 0.03176176 0.02063382 0.01520604 0.03663255 0.02679178 0.03022615 0.03230522 0.02460845 0.04561483 0.02756343 0.04170775 0.04084696 0.02296544 0.02668146 0.03167202 0.02341906 0.02388590 0.04106911 0.04207103 0.01479871 0.04630164 0.04471603 0.04611540 0.03222607 0.03546759 0.02925623 0.03930898 0.04724831 0.04444542 0.03301238 0.04704239 0.03791058 0.04531621 0.03117524 0.02328119 0.02755439 0.02149171 0.04936810 0.02824131 0.01438998 0.03449531 0.03155093 0.04887856 0.04467954 0.01361552 0.04630116 0.04719272 0.03574564 0.02085464 0.03503157 0.02186724 0.03137629 0.04092582 0.01957789 0.03469527 0.04440564 0.02049558 0.01609071 0.03292121 0.03841363 0.04269336 0.04421162 0.04477882 0.03527898 0.05079835 0.03203287 0.03284015 0.01762601 0.05215289 0.03875270 0.04343184 0.04765569 0.03703438 
Physaria_018 1.21207764 1.18686252 1.20743678 0.88207865 0.88971975 0.03212437 0.02598149 0.02446974 0.07701823 0.06552000 0.05639292 0.08262920 0.07053751 0.07327184 0.06259883 0.02197372 0.02680138 0.05729109 0.04494296 0.02170685 0.06592582 0.05017171 0.00000000 0.06426134 0.05864157 0.07721967 0.07187068 0.05210853 0.06770249 0.04793662 0.07544234 0.06983380 0.05073979 0.05016465 0.05498820 0.05003051 0.05129900 0.05968543 0.04685692 0.05601094 0.04680299 0.06284401 0.04520017 0.06030023 0.02513487 0.04984998 0.04620701 0.05775058 0.08350149 0.06185628 0.06028733 0.05180101 0.07028439 0.04955688 0.05216760 0.06717882 0.06734508 0.08614624 0.05070754 0.02218087 0.05086056 0.02014326 0.02211999 0.08353603 0.05959789 0.04341389 0.05464907 0.04801312 0.02623682 0.02559832 0.05241934 0.05260091 0.04612289 0.04206532 0.05917077 0.01226105 0.07042206 0.07078830 0.03447372 0.04667589 0.04480637 0.06438247 0.06363474 0.04751779 0.05059951 0.07191387 0.06969287 0.06427271 0.06780992 0.04879791 0.08043733 0.05504699 0.07306471 0.02174567 0.04675574 0.05845224 0.06370169 0.05427735 0.04761544 0.07429949 0.07448149 0.05441178 0.08530762 0.02491890 0.00471818 0.06612519 0.07039172 0.05613685 0.07477901 0.00117859 0.02389837 0.06056767 0.02635037 0.06816854 0.02602655 0.06016931 0.04971631 0.05870780 0.05096698 0.01722990 0.05645378 0.05788820 0.06881454 0.06354077 0.02740726 0.00534057 0.05095536 0.02661659 0.02708399 0.06722694 0.04773908 0.06955641 0.04437008 0.06411906 0.07536804 0.06626948 0.06582943 0.02540020 0.05030778 0.06584785 0.06467751 0.07319167 0.07651249 0.02472481 0.07159807 0.06671260 0.02065803 0.06469503 0.05980304 0.05696311 0.00379227 0.07376877 0.02406998 0.01271388 0.07107549 
